OTU_ID	sourdough_A	sourdough_B	sourdough_C	sourdough_D	sourdough_E	sourdough_F	sourdough_G	sourdough_H	sourdough_I	sourdough_J	sourdough_K	sourdough_L	sourdough_M	sourdough_N	sourdough_O	sourdough_P	sourdough_Q	sourdough_R
1568c382dfdc9a29e16d8e044ad039dc	4396.0	2048.0	6060.0	4106.0	4225.0	4799.0	1839.0	4675.0	5906.0	3185.0	5160.0	5327.0	3344.0	5052.0	4850.0	5965.0	2847.0	6154.0
8d55c95b211292cb5e164fd8c709cdae	1783.0	1649.0	3705.0	2536.0	2804.0	2462.0	884.0	3451.0	3452.0	1592.0	3244.0	4256.0	2423.0	3310.0	2923.0	4019.0	1848.0	3276.0
f551d3b3f8a0491c5626cdf7b1d8eefa	8103.0	8051.0	0.0	0.0	6061.0	0.0	0.0	0.0	13.0	658.0	15.0	0.0	12778.0	0.0	0.0	0.0	3850.0	0.0
a36321388f24e0f72687cb312a5090c2	0.0	58.0	694.0	715.0	0.0	1500.0	719.0	141.0	3442.0	3194.0	1804.0	2890.0	37.0	103.0	0.0	3313.0	2139.0	98.0
be90e3ced95a2697d407ebf22a1fe6f3	7.0	1717.0	2427.0	6337.0	15.0	1795.0	22.0	612.0	2211.0	0.0	428.0	322.0	0.0	197.0	52.0	2885.0	0.0	167.0
90585b0b07c1bde9156aaf80abbc4414	0.0	31.0	28.0	4.0	0.0	0.0	6026.0	0.0	37.0	3791.0	6402.0	0.0	25.0	6.0	0.0	25.0	10.0	2502.0
a690c1bce2b2f06e3544c4240fd4b6c7	25.0	185.0	991.0	163.0	0.0	370.0	0.0	5644.0	3130.0	0.0	120.0	0.0	0.0	0.0	266.0	189.0	0.0	338.0
e401bfb05947e47c45de7ad9d92f4b21	0.0	0.0	89.0	0.0	0.0	99.0	9.0	73.0	0.0	0.0	11.0	0.0	0.0	0.0	4117.0	53.0	0.0	106.0
b997c4182db026807eb458ebf557f035	55.0	39.0	323.0	127.0	105.0	290.0	22.0	146.0	144.0	55.0	111.0	192.0	60.0	177.0	1753.0	247.0	49.0	259.0
6a1e56213f74ecbf9bc139ffbd47dc22	0.0	56.0	857.0	567.0	0.0	927.0	0.0	272.0	228.0	2.0	48.0	6.0	6.0	10.0	488.0	131.0	0.0	532.0
d95382ea94b6aa8e17e10b48713be56e	0.0	0.0	0.0	26.0	0.0	0.0	0.0	0.0	0.0	83.0	83.0	926.0	0.0	506.0	0.0	0.0	1496.0	738.0
862b3b2c026023e393e1c30255dfb299	0.0	0.0	797.0	0.0	0.0	292.0	4.0	115.0	37.0	0.0	14.0	0.0	0.0	19.0	1729.0	112.0	0.0	221.0
68fa0e85cd7d67b0116d0a48c0f1c10a	1607.0	0.0	0.0	0.0	1505.0	0.0	0.0	0.0	0.0	0.0	0.0	0.0	0.0	0.0	0.0	0.0	0.0	0.0
a4978743d9e7d659b203ae1a6e6b7f56	0.0	0.0	0.0	0.0	0.0	0.0	0.0	0.0	0.0	0.0	0.0	0.0	0.0	2028.0	0.0	0.0	0.0	0.0
f9f83b267aedd7d6bdcfb8b7829ff8b2	1740.0	0.0	0.0	0.0	0.0	0.0	0.0	0.0	0.0	0.0	0.0	0.0	0.0	0.0	0.0	0.0	0.0	0.0
d3258bf634e28c91cd9ac840ed9da3d6	0.0	0.0	369.0	0.0	0.0	310.0	0.0	76.0	0.0	0.0	35.0	0.0	0.0	0.0	243.0	13.0	0.0	401.0
38ac76a16ab00b556850525b9fc0d6b8	0.0	0.0	0.0	0.0	0.0	0.0	0.0	0.0	0.0	0.0	0.0	0.0	0.0	1366.0	0.0	0.0	0.0	0.0
21679a8f3e7028a223d22ca604736a0e	0.0	1182.0	0.0	0.0	0.0	0.0	0.0	0.0	0.0	0.0	0.0	0.0	0.0	0.0	0.0	0.0	0.0	0.0
ebbcdda0acb2e2623bd48d0fafc5cdd0	0.0	0.0	82.0	16.0	16.0	80.0	0.0	48.0	31.0	0.0	12.0	24.0	19.0	10.0	384.0	27.0	0.0	316.0
81be23abfc8224c29becefa8c5415e97	0.0	0.0	880.0	0.0	0.0	0.0	0.0	16.0	2.0	0.0	0.0	0.0	0.0	0.0	0.0	8.0	0.0	0.0
8b196e1a778aac339dda5262de56250c	0.0	0.0	209.0	0.0	22.0	251.0	0.0	5.0	13.0	0.0	0.0	0.0	0.0	0.0	226.0	3.0	0.0	38.0
152622d645e53107485f133f371d3d2c	0.0	0.0	0.0	0.0	0.0	9.0	0.0	0.0	0.0	0.0	0.0	0.0	0.0	649.0	0.0	0.0	0.0	0.0
1f9f28942f40585851db72fa5ff13fa9	0.0	0.0	0.0	0.0	0.0	6.0	0.0	6.0	0.0	0.0	0.0	0.0	0.0	0.0	628.0	0.0	0.0	14.0
0eed31f5b424f375e4cf4892de29c74f	0.0	0.0	0.0	0.0	0.0	0.0	0.0	0.0	0.0	0.0	0.0	0.0	0.0	574.0	0.0	0.0	0.0	0.0
397286867c915ab07ac3e67bb5a248a6	0.0	0.0	0.0	0.0	0.0	0.0	0.0	0.0	0.0	0.0	0.0	0.0	0.0	0.0	0.0	0.0	495.0	0.0
c07ab1ec23d845960b4573ffcf1401e6	0.0	0.0	81.0	0.0	0.0	75.0	0.0	0.0	0.0	0.0	0.0	0.0	0.0	0.0	74.0	0.0	0.0	263.0
bf3d0ff58fc55495d21f869c9a59fe59	0.0	0.0	0.0	0.0	0.0	0.0	0.0	423.0	0.0	0.0	0.0	0.0	0.0	0.0	0.0	0.0	0.0	0.0
23d5e3adc6a24e1e4545ffff853282da	0.0	0.0	0.0	0.0	0.0	0.0	0.0	0.0	0.0	0.0	0.0	368.0	0.0	0.0	0.0	0.0	0.0	0.0
a1d51ffd9cf528d6a0f7a60dd2accb48	0.0	0.0	0.0	0.0	0.0	0.0	0.0	0.0	0.0	0.0	325.0	0.0	0.0	0.0	0.0	0.0	0.0	0.0
fdb3c5ee644202f058e8447299f4900e	0.0	0.0	23.0	0.0	0.0	0.0	0.0	0.0	0.0	0.0	0.0	0.0	0.0	0.0	168.0	0.0	0.0	127.0
8fb3d7e2ce7ce6d97dc3833dd665af54	0.0	0.0	0.0	0.0	0.0	0.0	0.0	0.0	0.0	0.0	0.0	294.0	0.0	0.0	0.0	0.0	0.0	0.0
34025014534368b8f2774c870aa18faa	0.0	0.0	31.0	16.0	18.0	15.0	0.0	16.0	20.0	0.0	25.0	31.0	24.0	9.0	16.0	26.0	0.0	29.0
a90463aae1896476b738f0477933cd81	0.0	2.0	32.0	29.0	15.0	14.0	7.0	14.0	19.0	15.0	8.0	19.0	11.0	15.0	14.0	18.0	10.0	24.0
f19ee45cd6aa8814f14c31e218739e82	0.0	0.0	0.0	0.0	0.0	0.0	0.0	0.0	0.0	0.0	253.0	0.0	0.0	0.0	0.0	0.0	0.0	0.0
cb72bb6d1a06e3b4ad1b84d311ee1a41	0.0	0.0	6.0	0.0	0.0	61.0	0.0	0.0	0.0	0.0	0.0	0.0	0.0	0.0	126.0	0.0	0.0	48.0
7b3eeb3c9d12650c4209e22a4942d7b0	0.0	0.0	0.0	0.0	0.0	0.0	0.0	0.0	0.0	0.0	0.0	0.0	0.0	0.0	0.0	0.0	0.0	228.0
e7fe20a3664cdf6bc9a45ef31deb250e	8.0	0.0	0.0	11.0	14.0	12.0	8.0	11.0	17.0	12.0	10.0	26.0	12.0	15.0	10.0	10.0	8.0	16.0
cdb281c2e20ce888e575564594ae48ac	14.0	18.0	24.0	20.0	0.0	0.0	0.0	0.0	12.0	0.0	0.0	21.0	0.0	0.0	0.0	19.0	0.0	38.0
4613db3f52b35df86cf7dbe43f0f7ee4	0.0	0.0	0.0	12.0	16.0	0.0	0.0	19.0	0.0	11.0	13.0	21.0	9.0	0.0	12.0	12.0	10.0	25.0
d474e1d63d06a04ed6286c9222afbc43	14.0	10.0	0.0	10.0	11.0	0.0	6.0	16.0	12.0	9.0	6.0	13.0	7.0	0.0	11.0	12.0	0.0	19.0
d0839fcf5be376d1d90745456161b4ec	5.0	0.0	9.0	26.0	0.0	34.0	0.0	17.0	15.0	0.0	12.0	15.0	0.0	0.0	0.0	22.0	0.0	0.0
15caa2d41590f4361bd4ef0b6453fe1c	0.0	0.0	19.0	0.0	0.0	9.0	0.0	0.0	0.0	0.0	0.0	0.0	11.0	0.0	93.0	11.0	0.0	0.0
74e9244eb9517b411594dedcbcd73112	14.0	0.0	11.0	11.0	0.0	0.0	0.0	12.0	12.0	6.0	7.0	8.0	0.0	6.0	10.0	19.0	6.0	20.0
cbbda14f0955e7ff628c0d003f9a18a2	0.0	0.0	0.0	0.0	0.0	0.0	0.0	0.0	0.0	0.0	0.0	0.0	142.0	0.0	0.0	0.0	0.0	0.0
4810b6f952e804624950fe0ffb6b481a	8.0	12.0	17.0	0.0	6.0	11.0	3.0	0.0	9.0	12.0	10.0	0.0	4.0	12.0	0.0	17.0	12.0	7.0
c64d78f064645c280f0fd58f46f1b093	10.0	0.0	15.0	0.0	8.0	13.0	0.0	15.0	0.0	0.0	0.0	20.0	12.0	0.0	11.0	0.0	14.0	12.0
5541ea4d12c797e13178b173c2319db0	10.0	6.0	8.0	5.0	8.0	6.0	0.0	10.0	7.0	0.0	6.0	17.0	5.0	8.0	13.0	6.0	0.0	8.0
a71e937ac655d77e283c0e8806f0451f	10.0	0.0	0.0	10.0	9.0	0.0	0.0	19.0	0.0	9.0	0.0	16.0	13.0	0.0	0.0	12.0	0.0	19.0
fed09b6a643237db8677c72dbeea8ef0	0.0	0.0	15.0	8.0	0.0	14.0	0.0	0.0	14.0	5.0	12.0	0.0	0.0	13.0	0.0	16.0	3.0	17.0
4d07b384e17dbef87cca24548cc9b3e4	2.0	0.0	20.0	5.0	7.0	10.0	0.0	11.0	8.0	5.0	12.0	0.0	7.0	6.0	9.0	7.0	0.0	5.0
a522667eb09dec991b10bc191f14f529	8.0	0.0	0.0	0.0	17.0	0.0	0.0	14.0	9.0	6.0	10.0	10.0	9.0	0.0	14.0	13.0	0.0	0.0
536fc2ec4e6a803811ac26a67e4dc651	13.0	3.0	3.0	0.0	12.0	0.0	0.0	8.0	6.0	6.0	0.0	15.0	0.0	0.0	6.0	12.0	7.0	14.0
0063655a7292afb06654fc1ab38b0c5f	0.0	0.0	0.0	0.0	0.0	0.0	0.0	0.0	0.0	0.0	0.0	0.0	0.0	0.0	0.0	0.0	97.0	0.0
77f3ed96a4785eaa5148621567fa04d7	6.0	0.0	7.0	0.0	0.0	9.0	0.0	13.0	0.0	9.0	0.0	18.0	0.0	0.0	10.0	11.0	0.0	13.0
3b936e8581a348b121d0e3ffa8d69f84	0.0	0.0	0.0	0.0	0.0	0.0	0.0	0.0	0.0	0.0	0.0	0.0	0.0	0.0	47.0	0.0	0.0	47.0
30ff8fe161e96ca1b4c2c94749734563	0.0	0.0	0.0	0.0	0.0	91.0	0.0	0.0	0.0	0.0	0.0	0.0	0.0	0.0	0.0	0.0	0.0	0.0
58500f1a42d157df3e7bbb2b1c132f95	0.0	0.0	0.0	0.0	0.0	0.0	0.0	0.0	0.0	0.0	0.0	0.0	0.0	0.0	0.0	86.0	0.0	0.0
b7addbcdae452d123ba38c2c82c1dcb9	4.0	2.0	8.0	5.0	5.0	0.0	0.0	0.0	7.0	4.0	0.0	7.0	0.0	6.0	13.0	8.0	4.0	12.0
79e93cf0d3cb56b34c66267defbb293a	0.0	0.0	0.0	16.0	9.0	0.0	0.0	17.0	8.0	9.0	0.0	0.0	0.0	0.0	0.0	8.0	0.0	18.0
bfaab5e9a568ee361aaf2791726b9c53	0.0	0.0	12.0	25.0	0.0	9.0	0.0	0.0	0.0	0.0	0.0	6.0	22.0	0.0	0.0	0.0	0.0	9.0
8bdcc262a08daffe5400bd149b628c89	0.0	0.0	0.0	0.0	0.0	0.0	0.0	0.0	0.0	0.0	0.0	0.0	0.0	0.0	79.0	0.0	0.0	0.0
ab517e09a685d8ff0ea98b94cf964b7d	7.0	0.0	0.0	0.0	9.0	0.0	6.0	0.0	13.0	9.0	0.0	13.0	0.0	0.0	0.0	14.0	0.0	0.0
4fe856f15d802e0b55a438690dd31ae3	0.0	0.0	8.0	10.0	9.0	0.0	0.0	0.0	0.0	7.0	0.0	10.0	9.0	0.0	6.0	0.0	0.0	12.0
09326585eb6f9be5bd9a8f1dba96c45c	0.0	0.0	70.0	0.0	0.0	0.0	0.0	0.0	0.0	0.0	0.0	0.0	0.0	0.0	0.0	0.0	0.0	0.0
1d14c50dc7154ba8da6d08513f412ced	0.0	0.0	0.0	0.0	0.0	0.0	0.0	0.0	0.0	0.0	0.0	0.0	0.0	0.0	67.0	0.0	0.0	0.0
af752fd55af93dc0b33d290589b049b0	0.0	0.0	0.0	0.0	0.0	0.0	0.0	0.0	11.0	11.0	0.0	19.0	10.0	0.0	0.0	0.0	0.0	14.0
faed53c59a729dbedc30ed2f9eca6b1c	7.0	3.0	0.0	0.0	4.0	0.0	0.0	4.0	9.0	0.0	9.0	11.0	5.0	0.0	0.0	0.0	0.0	11.0
4cc5347ca13312119202f39796acfd75	16.0	0.0	0.0	0.0	9.0	0.0	0.0	11.0	0.0	0.0	9.0	16.0	0.0	0.0	0.0	0.0	0.0	0.0
bcc07a0319d384aef29d1de0a122f87b	7.0	0.0	4.0	0.0	10.0	0.0	0.0	0.0	8.0	0.0	0.0	18.0	0.0	0.0	0.0	0.0	0.0	12.0
5551a26e742f4d7419071036e49c7d26	0.0	0.0	12.0	0.0	0.0	0.0	0.0	0.0	0.0	0.0	0.0	0.0	0.0	0.0	9.0	0.0	0.0	38.0
896708d8d4bb01f4dca260fe17782550	0.0	0.0	8.0	6.0	12.0	0.0	0.0	10.0	0.0	0.0	0.0	0.0	0.0	0.0	0.0	8.0	5.0	4.0
57f3a18ea6e2823c9a6820fdc21aee93	0.0	0.0	0.0	0.0	0.0	0.0	0.0	0.0	0.0	0.0	52.0	0.0	0.0	0.0	0.0	0.0	0.0	0.0
8c93eedc42be6fecc67ba0bf496958ef	0.0	0.0	0.0	0.0	0.0	0.0	0.0	0.0	0.0	17.0	0.0	0.0	13.0	0.0	0.0	0.0	0.0	20.0
074db5e9eb2ec66b5bdb0abd558b8248	6.0	0.0	0.0	0.0	9.0	0.0	0.0	7.0	0.0	0.0	8.0	9.0	0.0	0.0	0.0	0.0	0.0	9.0
9c16733c9c5d7f9e5d86a6a68d1031a6	0.0	0.0	0.0	0.0	0.0	0.0	0.0	10.0	0.0	0.0	0.0	0.0	9.0	0.0	10.0	10.0	0.0	9.0
eae433a0f28daeed2ce2ade2ce825bd8	0.0	0.0	0.0	0.0	0.0	0.0	0.0	0.0	0.0	0.0	0.0	47.0	0.0	0.0	0.0	0.0	0.0	0.0
40723074e34c269c87ce5055ea5a8265	0.0	0.0	0.0	0.0	0.0	0.0	0.0	0.0	0.0	0.0	0.0	0.0	0.0	0.0	0.0	0.0	0.0	47.0
6c638b224fa48f7a8a76f49ab441d459	5.0	0.0	24.0	0.0	0.0	0.0	0.0	0.0	0.0	0.0	0.0	0.0	0.0	7.0	0.0	0.0	0.0	9.0
2cacacb400c43163c0f1154cd1b1cfff	9.0	0.0	0.0	0.0	0.0	0.0	0.0	0.0	0.0	0.0	8.0	0.0	8.0	0.0	0.0	0.0	0.0	19.0
a46614c3fbda565c11a2083c11380758	0.0	0.0	13.0	0.0	0.0	0.0	0.0	0.0	0.0	0.0	0.0	0.0	0.0	0.0	22.0	0.0	6.0	0.0
8c455709d8ca306849262f3ebf445531	0.0	0.0	0.0	0.0	0.0	0.0	0.0	12.0	0.0	0.0	0.0	14.0	0.0	0.0	0.0	0.0	0.0	15.0
0dd0bce64018d6f2afdcac1b9d0536b5	10.0	0.0	0.0	0.0	0.0	0.0	0.0	0.0	0.0	0.0	0.0	18.0	7.0	0.0	5.0	0.0	0.0	0.0
709fdc08c8e8227f403e2a16f070ea6b	0.0	0.0	3.0	8.0	0.0	4.0	0.0	0.0	4.0	0.0	5.0	7.0	0.0	0.0	0.0	3.0	0.0	6.0
bd3a54ab0125c6f8e3302f779c4ae2ab	0.0	0.0	0.0	5.0	0.0	0.0	0.0	0.0	8.0	0.0	4.0	0.0	6.0	0.0	17.0	0.0	0.0	0.0
d3d627197a5a3f8385ddad7fe82b4ec5	0.0	0.0	27.0	0.0	0.0	0.0	0.0	0.0	0.0	0.0	0.0	0.0	0.0	0.0	12.0	0.0	0.0	0.0
3deaa3c663dccbd5a283c1222ae5fa12	0.0	0.0	14.0	0.0	0.0	0.0	6.0	0.0	0.0	0.0	0.0	0.0	0.0	0.0	0.0	0.0	0.0	19.0
edaed6b701b6ade452bf6f614c226a2d	0.0	0.0	0.0	0.0	0.0	0.0	0.0	10.0	0.0	0.0	0.0	0.0	0.0	0.0	7.0	0.0	7.0	15.0
1938702a4bbba5b2a9408ab96a3f7acc	14.0	0.0	0.0	0.0	0.0	0.0	0.0	0.0	0.0	0.0	0.0	0.0	0.0	0.0	0.0	0.0	0.0	21.0
d01048f2f4bb44894b65258323a90f89	0.0	0.0	0.0	0.0	0.0	0.0	0.0	34.0	0.0	0.0	0.0	0.0	0.0	0.0	0.0	0.0	0.0	0.0
8ebadfdcca96925606dafc3d59abf097	0.0	0.0	0.0	0.0	4.0	0.0	0.0	0.0	0.0	0.0	0.0	6.0	12.0	0.0	5.0	6.0	0.0	0.0
9598c39f602c4bf8dbf2afe982929d46	4.0	0.0	0.0	0.0	3.0	0.0	0.0	4.0	0.0	3.0	0.0	0.0	6.0	0.0	3.0	9.0	0.0	0.0
2fedf0f3124b60984e1aedd782967ee2	0.0	2.0	0.0	0.0	0.0	0.0	0.0	10.0	0.0	0.0	0.0	9.0	0.0	0.0	0.0	0.0	5.0	5.0
6bcbc03ea3130fc01eb5f2a77e60b8fa	0.0	0.0	0.0	0.0	0.0	0.0	0.0	0.0	0.0	0.0	0.0	0.0	0.0	27.0	0.0	0.0	0.0	0.0
ee0f5e21ecd4b13a1d9c3ce5827a0c2b	13.0	0.0	0.0	0.0	0.0	0.0	0.0	0.0	0.0	0.0	0.0	0.0	0.0	0.0	0.0	0.0	12.0	0.0
bdd4b0c117a72182da7d091f2441161e	0.0	0.0	0.0	0.0	6.0	0.0	0.0	0.0	0.0	0.0	0.0	9.0	0.0	0.0	0.0	0.0	0.0	10.0
ae190cb03d70adf768e257e565efece9	0.0	0.0	0.0	0.0	0.0	0.0	0.0	0.0	0.0	0.0	0.0	0.0	0.0	25.0	0.0	0.0	0.0	0.0
54e18e3514019b2b9802668d63f90425	0.0	0.0	0.0	0.0	0.0	0.0	0.0	0.0	0.0	0.0	0.0	0.0	0.0	0.0	0.0	0.0	7.0	18.0
533a056b6592b39062999b4c382d9fd1	0.0	0.0	0.0	3.0	0.0	0.0	0.0	0.0	0.0	5.0	0.0	0.0	0.0	0.0	0.0	7.0	0.0	9.0
2a560e6d5edcfa8f70d4fbf6f9ce0800	0.0	0.0	0.0	6.0	0.0	4.0	0.0	0.0	3.0	0.0	0.0	0.0	0.0	6.0	0.0	0.0	0.0	5.0
e2af3213e1f5279ebe67abb97d6bc258	4.0	0.0	0.0	0.0	7.0	0.0	0.0	0.0	0.0	0.0	0.0	0.0	4.0	0.0	0.0	0.0	0.0	8.0
5ed216c2d503d0391ccab571703a159d	0.0	0.0	0.0	0.0	0.0	0.0	0.0	0.0	0.0	0.0	0.0	0.0	0.0	0.0	8.0	0.0	0.0	15.0
c439579b48539540c8961562e2abb1d3	0.0	0.0	0.0	0.0	0.0	0.0	0.0	10.0	12.0	0.0	0.0	0.0	0.0	0.0	0.0	0.0	0.0	0.0
e809329bf0b7e7296558876aa038990d	0.0	3.0	0.0	0.0	0.0	0.0	0.0	0.0	3.0	0.0	0.0	0.0	0.0	0.0	0.0	3.0	5.0	7.0
72d46f8750dd9fe14159324da30e7fe1	0.0	0.0	0.0	9.0	0.0	12.0	0.0	0.0	0.0	0.0	0.0	0.0	0.0	0.0	0.0	0.0	0.0	0.0
63def465996709da1ee35d03a89c59a9	0.0	0.0	0.0	0.0	7.0	0.0	0.0	0.0	4.0	5.0	0.0	0.0	0.0	0.0	0.0	5.0	0.0	0.0
c1387d73462b489e420183014bfea0bd	0.0	0.0	4.0	0.0	0.0	6.0	0.0	0.0	0.0	0.0	3.0	4.0	0.0	0.0	0.0	2.0	0.0	0.0
01858edc6464f55f05aa2e0b24779061	0.0	0.0	0.0	0.0	0.0	13.0	0.0	0.0	0.0	0.0	0.0	0.0	0.0	0.0	0.0	6.0	0.0	0.0
a36c60f3a1efe7690bf1bd0ce99be4c4	0.0	0.0	18.0	0.0	0.0	0.0	0.0	0.0	0.0	0.0	0.0	0.0	0.0	0.0	0.0	0.0	0.0	0.0
9330fc03a769f9a6fa889b3ac5bc055b	0.0	0.0	0.0	0.0	0.0	0.0	0.0	18.0	0.0	0.0	0.0	0.0	0.0	0.0	0.0	0.0	0.0	0.0
5ba03fbeacbfca108343b332a0da54c7	0.0	0.0	0.0	0.0	0.0	0.0	0.0	8.0	0.0	0.0	0.0	0.0	0.0	0.0	0.0	10.0	0.0	0.0
c6995471a9f43a9ad4b8d208e1952bb5	0.0	17.0	0.0	0.0	0.0	0.0	0.0	0.0	0.0	0.0	0.0	0.0	0.0	0.0	0.0	0.0	0.0	0.0
a5615de09372d046f651f9fc622a9e6c	0.0	0.0	0.0	0.0	6.0	0.0	0.0	11.0	0.0	0.0	0.0	0.0	0.0	0.0	0.0	0.0	0.0	0.0
7c64a96342767ef8842912ac6b5fa33e	0.0	0.0	0.0	0.0	0.0	0.0	0.0	0.0	0.0	0.0	0.0	0.0	0.0	0.0	0.0	0.0	0.0	17.0
537127c717f7649026aa0e847a24673f	0.0	0.0	0.0	0.0	0.0	0.0	0.0	0.0	0.0	0.0	0.0	0.0	0.0	0.0	0.0	0.0	0.0	17.0
d613b66d584048c201204c407054b70f	0.0	0.0	0.0	0.0	0.0	0.0	0.0	0.0	10.0	0.0	0.0	0.0	0.0	0.0	6.0	0.0	0.0	0.0
cc575c9728bdc68ba9aa74bf0f9feba6	0.0	0.0	0.0	0.0	0.0	0.0	0.0	0.0	0.0	0.0	0.0	0.0	0.0	15.0	0.0	0.0	0.0	0.0
899bff532fc05f736bcfe4ea97c1c995	0.0	0.0	0.0	0.0	0.0	0.0	0.0	0.0	0.0	0.0	0.0	0.0	0.0	0.0	15.0	0.0	0.0	0.0
e928d345e71ed5a2e9c0f0c999e937c5	0.0	0.0	6.0	4.0	2.0	0.0	0.0	0.0	0.0	0.0	0.0	0.0	0.0	0.0	0.0	2.0	0.0	0.0
2f2ec21d1a80885405d65c39d3d197f0	0.0	0.0	2.0	0.0	0.0	0.0	0.0	0.0	0.0	0.0	0.0	0.0	0.0	0.0	12.0	0.0	0.0	0.0
6898022dbb9db575b07b43abb52b67d2	0.0	0.0	0.0	0.0	0.0	0.0	0.0	0.0	0.0	0.0	0.0	0.0	4.0	0.0	0.0	0.0	0.0	10.0
85b8724498ce48bb7c770b4d217444a1	0.0	0.0	0.0	0.0	0.0	0.0	0.0	0.0	0.0	0.0	0.0	0.0	0.0	0.0	0.0	0.0	0.0	14.0
789359e1b72e6dc554f9caaefbb92dad	0.0	0.0	0.0	0.0	0.0	0.0	0.0	13.0	0.0	0.0	0.0	0.0	0.0	0.0	0.0	0.0	0.0	0.0
458d63392033179b85b0b2fd0d5f9546	0.0	0.0	0.0	0.0	0.0	0.0	0.0	0.0	2.0	0.0	0.0	0.0	0.0	0.0	3.0	5.0	0.0	3.0
d307290c247744fcf6534d625887d8d5	0.0	0.0	0.0	0.0	0.0	0.0	0.0	0.0	0.0	13.0	0.0	0.0	0.0	0.0	0.0	0.0	0.0	0.0
cbee5f94b2650099240e6b1f90655d7d	0.0	0.0	0.0	0.0	0.0	0.0	0.0	0.0	0.0	0.0	0.0	0.0	6.0	0.0	0.0	7.0	0.0	0.0
4f5f5e5f4a346d2b3b4d8daf023ddfc2	0.0	0.0	0.0	0.0	0.0	0.0	0.0	0.0	0.0	0.0	0.0	0.0	0.0	0.0	13.0	0.0	0.0	0.0
753d8ccbdee50274e2cf6d87d96bfd87	0.0	0.0	0.0	0.0	0.0	0.0	0.0	0.0	0.0	0.0	0.0	0.0	0.0	0.0	0.0	13.0	0.0	0.0
f0739fa4c615e0fb302050fbc27e0b3e	0.0	0.0	0.0	0.0	0.0	0.0	0.0	0.0	0.0	0.0	11.0	0.0	0.0	0.0	0.0	0.0	0.0	0.0
46550e5b18788a207770e3b0060734bc	0.0	0.0	0.0	0.0	0.0	0.0	0.0	0.0	0.0	0.0	0.0	0.0	0.0	0.0	0.0	11.0	0.0	0.0
6fef130678cc50a07475021aabb0fe8a	0.0	0.0	3.0	0.0	0.0	0.0	0.0	0.0	0.0	0.0	0.0	0.0	0.0	0.0	0.0	0.0	0.0	7.0
b196ed66a26baee95ab6823420fc9394	0.0	0.0	7.0	0.0	0.0	0.0	0.0	0.0	0.0	0.0	0.0	0.0	0.0	0.0	0.0	2.0	0.0	0.0
c5dc272a06d0678d01d1d87c68099e51	0.0	0.0	0.0	0.0	0.0	0.0	0.0	9.0	0.0	0.0	0.0	0.0	0.0	0.0	0.0	0.0	0.0	0.0
28b6f27c943dab313a5e1fad151d576a	0.0	0.0	0.0	0.0	0.0	0.0	0.0	0.0	0.0	0.0	0.0	0.0	9.0	0.0	0.0	0.0	0.0	0.0
f4230b74ec3f91c19fa678c183dc7b71	0.0	0.0	0.0	0.0	0.0	0.0	0.0	0.0	0.0	0.0	0.0	0.0	5.0	0.0	4.0	0.0	0.0	0.0
6db79c1ea5aeae4f3f32f37bd01b530b	0.0	0.0	0.0	0.0	0.0	0.0	0.0	0.0	0.0	0.0	0.0	0.0	0.0	0.0	0.0	9.0	0.0	0.0
94a35ff82fa72b1a1235dfa34a334468	0.0	0.0	0.0	0.0	0.0	0.0	0.0	0.0	0.0	0.0	0.0	0.0	0.0	0.0	0.0	0.0	0.0	9.0
140b1fd4f3931f02b5f2f4c668513824	0.0	0.0	8.0	0.0	0.0	0.0	0.0	0.0	0.0	0.0	0.0	0.0	0.0	0.0	0.0	0.0	0.0	0.0
451a096b8a7c2990ab450a3f885d9db6	0.0	0.0	0.0	0.0	4.0	0.0	0.0	0.0	0.0	0.0	3.0	0.0	0.0	0.0	0.0	0.0	0.0	0.0
71c8b7123c7f2254b95e98752e235040	0.0	0.0	0.0	0.0	0.0	0.0	0.0	0.0	0.0	0.0	7.0	0.0	0.0	0.0	0.0	0.0	0.0	0.0
27e373712d531c3d60faab3cda78971e	0.0	0.0	0.0	0.0	0.0	0.0	0.0	0.0	0.0	0.0	0.0	0.0	0.0	0.0	7.0	0.0	0.0	0.0
c171ae40dc6663035bbb753a36b45cc6	0.0	0.0	0.0	0.0	0.0	0.0	0.0	0.0	0.0	0.0	0.0	0.0	0.0	0.0	7.0	0.0	0.0	0.0
36f28c95051e34e69fc4743e89cf8eab	0.0	6.0	0.0	0.0	0.0	0.0	0.0	0.0	0.0	0.0	0.0	0.0	0.0	0.0	0.0	0.0	0.0	0.0
d00af8475f84225806556fc755e38a83	0.0	6.0	0.0	0.0	0.0	0.0	0.0	0.0	0.0	0.0	0.0	0.0	0.0	0.0	0.0	0.0	0.0	0.0
3824c64e85655e0e30b5bf219a113643	0.0	6.0	0.0	0.0	0.0	0.0	0.0	0.0	0.0	0.0	0.0	0.0	0.0	0.0	0.0	0.0	0.0	0.0
8830133380033b73360a376e41df7b84	0.0	0.0	6.0	0.0	0.0	0.0	0.0	0.0	0.0	0.0	0.0	0.0	0.0	0.0	0.0	0.0	0.0	0.0
eab15b4c3ceba9cbaddfd6a14bf644b5	0.0	0.0	0.0	0.0	0.0	0.0	0.0	6.0	0.0	0.0	0.0	0.0	0.0	0.0	0.0	0.0	0.0	0.0
f829e78fbf40e49fcf5c03f05d5bc338	0.0	0.0	0.0	0.0	0.0	0.0	0.0	6.0	0.0	0.0	0.0	0.0	0.0	0.0	0.0	0.0	0.0	0.0
b83ca09b5df0ffa70e9725af267e9f55	0.0	0.0	0.0	0.0	0.0	0.0	0.0	6.0	0.0	0.0	0.0	0.0	0.0	0.0	0.0	0.0	0.0	0.0
f84422e70b83f126b401fe3406606de4	0.0	0.0	0.0	0.0	0.0	0.0	0.0	0.0	0.0	6.0	0.0	0.0	0.0	0.0	0.0	0.0	0.0	0.0
5a3666641c8efef14f664e8282d6191f	0.0	0.0	0.0	0.0	0.0	0.0	0.0	0.0	0.0	0.0	0.0	0.0	0.0	0.0	0.0	0.0	0.0	6.0
6242a68cee4bf929989e9b24e0b52658	0.0	0.0	0.0	0.0	5.0	0.0	0.0	0.0	0.0	0.0	0.0	0.0	0.0	0.0	0.0	0.0	0.0	0.0
159f16c7de52f0c8d8b23459e8c3438b	0.0	0.0	0.0	0.0	0.0	0.0	0.0	0.0	0.0	0.0	0.0	0.0	0.0	0.0	2.0	0.0	0.0	3.0
b411b1fad94d89ffa4b79c8792ba773d	0.0	0.0	4.0	0.0	0.0	0.0	0.0	0.0	0.0	0.0	0.0	0.0	0.0	0.0	0.0	0.0	0.0	0.0
a3645d49e733b54896aadc88c4426012	0.0	0.0	0.0	0.0	0.0	0.0	0.0	0.0	4.0	0.0	0.0	0.0	0.0	0.0	0.0	0.0	0.0	0.0
66d3bb4ee0251f812bb5c58e1feec6a6	0.0	0.0	0.0	0.0	0.0	0.0	0.0	0.0	0.0	0.0	4.0	0.0	0.0	0.0	0.0	0.0	0.0	0.0
4aa1ba03eaf9f01a98dd93ab366db511	0.0	0.0	0.0	0.0	0.0	0.0	0.0	0.0	0.0	0.0	0.0	4.0	0.0	0.0	0.0	0.0	0.0	0.0
9ef337c6dcae35e2cd37f5797926bb23	0.0	0.0	0.0	0.0	0.0	0.0	0.0	0.0	0.0	0.0	0.0	0.0	0.0	0.0	4.0	0.0	0.0	0.0
bad239a9bf4a8e9d884e114d1afc04f0	0.0	0.0	0.0	0.0	0.0	0.0	0.0	0.0	0.0	0.0	0.0	0.0	0.0	0.0	0.0	4.0	0.0	0.0
406695ef924f835ff2078e6d452d16b5	0.0	0.0	0.0	0.0	0.0	0.0	0.0	0.0	0.0	0.0	0.0	0.0	0.0	0.0	0.0	4.0	0.0	0.0
be341f9eb38cdca38b65faa9fa7838e4	0.0	0.0	0.0	0.0	0.0	0.0	0.0	0.0	0.0	0.0	0.0	0.0	0.0	0.0	0.0	4.0	0.0	0.0
dd73064c469458f2ff8a0b7abdbbd2f0	3.0	0.0	0.0	0.0	0.0	0.0	0.0	0.0	0.0	0.0	0.0	0.0	0.0	0.0	0.0	0.0	0.0	0.0
c38e3e59f9099367baa5c570c7edd809	0.0	3.0	0.0	0.0	0.0	0.0	0.0	0.0	0.0	0.0	0.0	0.0	0.0	0.0	0.0	0.0	0.0	0.0
0176489547307ea388a18d9f64233632	0.0	0.0	3.0	0.0	0.0	0.0	0.0	0.0	0.0	0.0	0.0	0.0	0.0	0.0	0.0	0.0	0.0	0.0
c596c52acabd2a6c19e83c3c678e8242	0.0	0.0	0.0	0.0	0.0	3.0	0.0	0.0	0.0	0.0	0.0	0.0	0.0	0.0	0.0	0.0	0.0	0.0
b2fd8b509afa0a1eb2a6710729de1c66	0.0	0.0	0.0	0.0	0.0	3.0	0.0	0.0	0.0	0.0	0.0	0.0	0.0	0.0	0.0	0.0	0.0	0.0
8473ee93869cea2e06d23c31681a8fec	0.0	0.0	0.0	0.0	0.0	0.0	0.0	3.0	0.0	0.0	0.0	0.0	0.0	0.0	0.0	0.0	0.0	0.0
631680635cc7ff5abb95f31d41132ea9	0.0	0.0	0.0	0.0	0.0	0.0	0.0	0.0	0.0	0.0	3.0	0.0	0.0	0.0	0.0	0.0	0.0	0.0
4ae8eb5a965deabf47e2dcdb04517335	0.0	0.0	0.0	0.0	0.0	0.0	0.0	0.0	0.0	0.0	3.0	0.0	0.0	0.0	0.0	0.0	0.0	0.0
d3ef1bad074877ebdfa9bfbe8148a6b7	0.0	0.0	0.0	0.0	0.0	0.0	0.0	0.0	0.0	0.0	0.0	3.0	0.0	0.0	0.0	0.0	0.0	0.0
e9cd06076b663ca71b2a4f2fdb263a12	0.0	0.0	0.0	0.0	0.0	0.0	0.0	0.0	0.0	0.0	0.0	0.0	0.0	0.0	3.0	0.0	0.0	0.0
edb81e23f73d6405ba591d2982f42d70	0.0	0.0	0.0	0.0	0.0	0.0	0.0	0.0	0.0	0.0	0.0	0.0	0.0	0.0	3.0	0.0	0.0	0.0
f61af952c5a82c37fe5ffb618ca01c64	0.0	0.0	0.0	0.0	0.0	0.0	0.0	0.0	0.0	0.0	0.0	0.0	0.0	0.0	0.0	0.0	0.0	3.0
8816332cbaa4be56137071b5b4f9bfc0	2.0	0.0	0.0	0.0	0.0	0.0	0.0	0.0	0.0	0.0	0.0	0.0	0.0	0.0	0.0	0.0	0.0	0.0
5ac4cb06b70649b4ae2e1bad5843486e	0.0	2.0	0.0	0.0	0.0	0.0	0.0	0.0	0.0	0.0	0.0	0.0	0.0	0.0	0.0	0.0	0.0	0.0
afac1010684fa34cb437ff050d8783c5	0.0	2.0	0.0	0.0	0.0	0.0	0.0	0.0	0.0	0.0	0.0	0.0	0.0	0.0	0.0	0.0	0.0	0.0
83e6e433e05bf370365a462fc900654a	0.0	0.0	2.0	0.0	0.0	0.0	0.0	0.0	0.0	0.0	0.0	0.0	0.0	0.0	0.0	0.0	0.0	0.0
6d4fde97d37e9d1c9d30aeec8ab296cb	0.0	0.0	2.0	0.0	0.0	0.0	0.0	0.0	0.0	0.0	0.0	0.0	0.0	0.0	0.0	0.0	0.0	0.0
de671cba56f839932acbb06e19b470a6	0.0	0.0	0.0	2.0	0.0	0.0	0.0	0.0	0.0	0.0	0.0	0.0	0.0	0.0	0.0	0.0	0.0	0.0
36ca935e0e6bbebb9778a4c2956c2676	0.0	0.0	0.0	0.0	0.0	2.0	0.0	0.0	0.0	0.0	0.0	0.0	0.0	0.0	0.0	0.0	0.0	0.0
9bac51c95ea792fab6d137c706a7b772	0.0	0.0	0.0	0.0	0.0	0.0	2.0	0.0	0.0	0.0	0.0	0.0	0.0	0.0	0.0	0.0	0.0	0.0
f21170863498ddb1edc9394b38a125a4	0.0	0.0	0.0	0.0	0.0	0.0	0.0	2.0	0.0	0.0	0.0	0.0	0.0	0.0	0.0	0.0	0.0	0.0
134b16ab742cd8c8e0b6374601240ad4	0.0	0.0	0.0	0.0	0.0	0.0	0.0	0.0	2.0	0.0	0.0	0.0	0.0	0.0	0.0	0.0	0.0	0.0
fad3d17fd7cbe11288252b5c6f76ddc8	0.0	0.0	0.0	0.0	0.0	0.0	0.0	0.0	0.0	2.0	0.0	0.0	0.0	0.0	0.0	0.0	0.0	0.0
5042ce312e6a647f421d5b03541d6934	0.0	0.0	0.0	0.0	0.0	0.0	0.0	0.0	0.0	0.0	0.0	0.0	0.0	2.0	0.0	0.0	0.0	0.0
9f7f339d39fd82da31266547a6f47761	0.0	0.0	0.0	0.0	0.0	0.0	0.0	0.0	0.0	0.0	0.0	0.0	0.0	2.0	0.0	0.0	0.0	0.0
1888c40718febf62ff4ea44b2d5fc870	0.0	0.0	0.0	0.0	0.0	0.0	0.0	0.0	0.0	0.0	0.0	0.0	0.0	0.0	0.0	0.0	0.0	2.0